,job_id,optimized_energy,atom_count,edge_count,optimized_variable_count,method,optimized_variable_0,optimized_variable_1,optimized_variable_2,x_0,y_0,z_0,x_1,y_1,z_1,x_2,y_2,z_2,x_3,y_3,z_3,x_4,y_4,z_4,x_5,y_5,z_5
0,0,-3.184682688687693,6,3,3,quanti_gin.data_generator.run_spa_optimization,,,,0.0,0.0,0.0,1.6954778546380578,1.6164280073332384,2.0624975291477057,1.4381606890225649,0.09150260056975107,0.2477393173644144,2.79993608223132,3.988254593479814,4.515253517298921,2.292827080930001,1.538847130538653,2.0297986402595143,3.388777676607243,3.003472249283326,4.319105482262083
1,1,-2.5193944068772,6,3,3,quanti_gin.data_generator.run_spa_optimization,,,,0.0,0.0,0.0,2.0010275290234367,1.1395035526746575,1.2891862257492204,2.9248832624856878,3.2586003960855354,2.2464588462871893,1.342052525969004,2.287578166215219,0.08228651326705738,3.9048449459292356,4.668237230681497,3.3948835541011313,4.042586648154063,5.050352959963074,4.198382631278369
2,2,-2.9148209372177614,6,3,3,quanti_gin.data_generator.run_spa_optimization,,,,0.0,0.0,0.0,2.292947506387431,1.7310115977986047,2.3307734559209345,1.2757060231520072,1.990166175254403,1.7054821669389433,0.4226123189323733,2.4199495240946436,1.6186721445914316,2.071824236782023,3.230154371114717,1.7968859909063777,2.2235340353572584,4.648018981366522,3.3485378168593556
3,3,-2.9340707272445026,6,3,3,quanti_gin.data_generator.run_spa_optimization,,,,0.0,0.0,0.0,2.436496330870266,1.9433668616590805,2.523901555100498,0.5034333523834431,0.7427245987619095,1.4337829852624138,1.6679037494621731,3.114358020314624,1.9143991518111232,2.679820811513066,1.0530858710798552,3.3674388803987423,4.0272569365871425,5.158072665392503,4.347524361526007
4,4,-2.7544189592931496,6,3,3,quanti_gin.data_generator.run_spa_optimization,,,,0.0,0.0,0.0,1.2641126255432973,2.7030985185385337,1.2423249818816482,2.034763462656901,2.439167506363591,0.16117531908328123,4.281411264581408,3.7811427269975333,2.5407129850983896,2.570082590383487,4.01374816492879,2.899444087234353,0.06221791925413003,1.4998174164030256,1.0232980497448676
5,5,-3.01702919656142,6,3,3,quanti_gin.data_generator.run_spa_optimization,,,,0.0,0.0,0.0,1.6324826828383234,0.12200311693509114,0.14108258034228602,4.081850267320645,0.595322135039649,1.5008594518056082,2.0748704580239306,0.22701812030808313,2.6335579511424756,3.6516479660832495,1.2776066979380545,1.9789422826165268,5.932963953715995,2.224679611187745,2.4836139967131965
6,6,-3.0009821271827657,6,3,3,quanti_gin.data_generator.run_spa_optimization,,,,0.0,0.0,0.0,1.665902868749773,2.113677167529114,0.9654168896096599,1.7856725634308563,2.4041953415162354,1.6453182596349163,3.5067900824911393,2.4873463345715234,3.019489785762169,5.80323499030594,4.483072237103388,3.6994840661546045,2.2581967558779774,0.3944220073429432,0.5032317181344879
7,7,-2.9086346620952765,6,3,3,quanti_gin.data_generator.run_spa_optimization,,,,0.0,0.0,0.0,0.6088893838470737,1.5429059159147784,0.35897747438008243,1.0792485703888766,0.5524553980189304,1.939540643698113,3.5092840552617908,1.6286585398709517,4.4653291101283905,4.380801444113535,2.6523451075931392,4.836118217213154,0.26353092341466383,2.598726564576693,2.074726602013578
8,8,-2.8737592123657176,6,3,3,quanti_gin.data_generator.run_spa_optimization,,,,0.0,0.0,0.0,1.9066179306220923,2.7136167244075096,0.9739774577920592,3.1916675604335296,2.8010228234849937,1.8208143379245931,5.43552814684716,4.926815708333803,2.1010838610450437,6.242824678486127,5.988452894524536,4.1479353343496985,0.6509705574298792,1.394287061478844,1.1162626402000035
9,9,-2.7981044436961993,6,3,3,quanti_gin.data_generator.run_spa_optimization,,,,0.0,0.0,0.0,2.625536829707974,0.7037694431178291,1.4344201310004585,0.6495078125124165,0.6167656724252891,2.311432298286078,1.7366715842850775,1.370170782803234,4.629027504873047,2.692215512361038,3.467902568244419,4.851253754010413,3.858848639153063,3.693025644531806,6.8654676432477615
10,10,-2.8226970185940026,6,3,3,quanti_gin.data_generator.run_spa_optimization,,,,0.0,0.0,0.0,2.066054067153358,2.464817710198405,1.8220429795254165,2.962569156033321,5.2055408212030105,2.796730150114456,4.733935414097192,7.355853229571172,3.06756190491517,2.9847788071360837,6.61352345528229,4.585421983944481,4.190404796544566,5.04443893333154,4.043706217158138
11,11,-2.878434141171472,6,3,3,quanti_gin.data_generator.run_spa_optimization,,,,0.0,0.0,0.0,0.012497219597301684,2.273803106642824,1.9586102685510431,1.3892617864591172,3.3492691755726964,4.607922392432122,2.3980994180965585,6.056836658294506,6.267823825678693,3.486713271731285,6.320212119285328,7.16648138805749,3.6895728653424196,3.722757004278145,5.391797077954744
12,12,-2.9683261577041873,6,3,3,quanti_gin.data_generator.run_spa_optimization,,,,0.0,0.0,0.0,2.6645426284728995,2.419632949281374,2.689053450393273,2.1945984056245154,0.13741037805602427,1.6707853266885326,4.868916143822261,2.018595918544988,2.071551512310374,2.502365685686764,2.699895385341704,0.16485299424305905,0.7442048690211828,0.47946472036740206,0.438848791750472
13,13,-2.9210733068698564,6,3,3,quanti_gin.data_generator.run_spa_optimization,,,,0.0,0.0,0.0,1.4759003315816077,1.7899875787016957,1.7398468247362993,0.37831727861327014,0.12700334828115015,0.16067981158224195,2.96415752776398,2.87657356567524,0.7379629337540113,1.6063855740200474,0.6419597324179083,2.455176152350758,4.8335128725608545,5.543230362884868,2.470844911521965
14,14,-3.076281411200764,6,3,3,quanti_gin.data_generator.run_spa_optimization,,,,0.0,0.0,0.0,0.8368456144472962,0.7433258542401402,1.888939856540417,1.3572853069274569,0.9683122122345597,1.4578592387365743,2.661857731479172,2.344698689759521,4.504904635245456,3.8497170563361314,3.202072005580549,7.163873685454678,3.9786625491645577,2.916212659266932,5.8034732850751976
15,15,-2.7142355584698503,6,3,3,quanti_gin.data_generator.run_spa_optimization,,,,0.0,0.0,0.0,2.1260491574263876,0.542181642290777,1.9936075058668017,3.784506147797678,0.7960025887499093,3.8648956186424233,3.870906244314592,2.2696623098688193,4.571721404606301,4.551269116908869,2.6596617336662085,6.615990447303784,0.9860494199803654,0.7312319957164024,2.6688170241834066
16,16,-3.0837126095004956,6,3,3,quanti_gin.data_generator.run_spa_optimization,,,,0.0,0.0,0.0,0.3052233094451613,2.5987420698194614,2.163768444183336,0.9991501573447387,2.993926382995446,4.608890576164381,1.3300170258502289,2.0446486638080192,2.4271443708177123,0.4584275823460141,0.9218180807886512,1.2241378521573014,1.4898647957501419,3.95483962643848,4.107218677846097
17,17,-2.9428100622086153,6,3,3,quanti_gin.data_generator.run_spa_optimization,,,,0.0,0.0,0.0,1.4695676542758747,2.058798544246565,2.106753804317887,0.3083168887710612,1.1704164271921238,1.249071371767353,0.9239994004684492,3.006064811823887,1.3748528969884974,0.8580844509603396,2.2619750813670905,2.4103371050166826,0.350531731162946,3.4427444764264004,2.6110573949547113
18,18,-2.866595960353272,6,3,3,quanti_gin.data_generator.run_spa_optimization,,,,0.0,0.0,0.0,2.531257701673029,1.4048981623077799,2.205633395358418,0.9937550000221915,2.7123348705741024,0.273516485616391,2.144209608729111,4.959658402983525,0.5679301793421732,3.7811944895185485,2.1289781937663967,2.455870729807672,4.852756487582579,3.8670819258290567,3.3580784756772974
19,19,-3.1380854855870584,6,3,3,quanti_gin.data_generator.run_spa_optimization,,,,0.0,0.0,0.0,0.5584851563833192,2.399478150742145,2.065248239187262,2.572265814537446,0.124353908867888,0.13735002655006842,1.5633346491245668,0.010119162282525324,0.5474467472580895,3.1917689987306175,0.5918935645718764,2.9237866650504625,1.1351225275959436,2.7237636207168827,1.8630725968655568
20,20,-3.1499889073533116,6,3,3,quanti_gin.data_generator.run_spa_optimization,,,,0.0,0.0,0.0,0.926485741337981,0.24618717008345697,1.0916840612620355,1.638092001687635,0.8391418151369763,1.255237167768093,1.3824686586034334,2.269498331247944,2.8184254263379174,2.6603777135085815,1.8869192240204813,0.793140900835525,1.6578730765114766,1.8612398089590099,3.238710603625015
21,21,-2.8680260551947447,6,3,3,quanti_gin.data_generator.run_spa_optimization,,,,0.0,0.0,0.0,0.4761022723519066,1.4956305026609082,0.7999531112003306,1.2242871452732782,2.7036009250905257,0.05918045953508211,2.5133052199521666,3.657068448137961,1.0268765576066392,1.6892900124096115,3.703265169302609,2.1833361038929597,2.716904618599279,3.906788696036493,3.2273520311647195
22,22,-2.967432420945013,6,3,3,quanti_gin.data_generator.run_spa_optimization,,,,0.0,0.0,0.0,0.7009655918096542,1.9089646681928418,0.9372698419893999,2.6975895183779866,2.0008963495640972,1.208523185528983,0.9609641066778483,3.2308590832947828,0.9618545948197048,2.3283516839657423,4.575829155465323,1.7774915554203823,1.2216760284588295,3.9121514701584,0.9719406582303711
23,23,-2.774257874290116,6,3,3,quanti_gin.data_generator.run_spa_optimization,,,,0.0,0.0,0.0,2.2380480033534,0.7196780722510082,0.1291510885237518,4.587844303916538,0.8351855677115221,2.169088567847092,0.7496105018351891,1.3744886936613465,1.7560000594685252,4.200250742828816,3.291214771806928,2.5006591821,1.701582573811225,2.728231462667642,0.7312061729888096
24,24,-3.094597589408717,6,3,3,quanti_gin.data_generator.run_spa_optimization,,,,0.0,0.0,0.0,0.8110677982728394,0.16291089833750208,0.0710865351305183,1.2647551559463504,1.6451971431923067,0.019319707876838232,3.9465319105439898,2.6189178283004257,0.4182307974348819,1.4651624851268132,2.574385000870033,2.366147076233076,1.4383080431224875,1.68583045698545,1.5924969992913942
25,25,-2.803673875736745,6,3,3,quanti_gin.data_generator.run_spa_optimization,,,,0.0,0.0,0.0,2.0875698931077036,0.28948400150506304,0.8797077848659177,3.1515870468373524,2.6827010076156603,1.1302308629149462,4.822871524025665,4.014693911265644,2.812106278442712,0.09258722350390425,0.009458521907961842,2.5832904094508518,0.16495278989688766,2.123991965986157,5.263013763160679
26,26,-2.893396134046956,6,3,3,quanti_gin.data_generator.run_spa_optimization,,,,0.0,0.0,0.0,1.1769591820556229,0.7236510333639743,0.5586922575099801,0.3352286442732687,2.2929687424476537,0.7188702629933105,0.6645581709309574,2.6091806436740965,2.9253555683390116,1.7842260031085475,2.4444073807982574,2.3687778119971177,3.0487295872008358,3.4167339203174647,5.437803472048008
27,27,-2.8550851066937524,6,3,3,quanti_gin.data_generator.run_spa_optimization,,,,0.0,0.0,0.0,1.428053040824406,1.7538593522784538,2.63198479568836,0.9880774613971777,2.615463183650545,0.5134255878396748,1.9644997513421831,1.5154739332295109,1.273686564369384,3.5744515286506626,3.1580186929579583,5.371460679561685,1.7659574437458314,1.3825775350497427,2.5599268848067616
28,28,-2.6524668308432267,6,3,3,quanti_gin.data_generator.run_spa_optimization,,,,0.0,0.0,0.0,1.2234442866371242,1.2212041015090613,1.1241854963241276,2.859947131935671,3.2902500820940763,1.3553932428149609,2.050309009686914,0.44160169757057566,0.23451497784425762,4.079675682797895,4.021645268656861,3.6038041714926488,1.6036792304429834,2.8388920544613816,1.428518733685163
29,29,-3.100993261104549,6,3,3,quanti_gin.data_generator.run_spa_optimization,,,,0.0,0.0,0.0,0.6056827611382689,2.0230745564968737,1.2420599962970509,0.2649780823996011,0.876961329931282,1.1001324797952168,1.113041711089707,1.4056700446192054,3.7929144209683963,2.10749521120495,3.338798906858977,5.347405066576745,2.424826428793689,2.964926856503161,5.9831059527989705
30,30,-2.9096632857782057,6,3,3,quanti_gin.data_generator.run_spa_optimization,,,,0.0,0.0,0.0,1.594961216456377,2.685713856466218,0.4474245375826331,1.769502070965321,1.1749599169846867,2.0867764688897004,0.22803190767697656,2.7466396760374803,0.5744382046811399,3.899555760080715,3.2744178891488795,2.6582519665523914,4.269427536635071,3.120696662603315,3.0487234364833995
31,31,-2.985800440481226,6,3,3,quanti_gin.data_generator.run_spa_optimization,,,,0.0,0.0,0.0,0.43360653997324794,2.4898682366311333,0.730812672696376,0.9734218196101663,4.5242177815171685,0.8769823801497509,3.2066763322247898,5.282259745733635,1.5847924009487078,3.3264351356934077,6.021146078852094,0.995039248680404,5.0642475467749595,5.392558741753344,3.8593793647238575
32,32,-2.732786027236141,6,3,3,quanti_gin.data_generator.run_spa_optimization,,,,0.0,0.0,0.0,1.9610802751521923,1.4452692027306093,1.6455729557236074,1.9968347254465477,2.1291655116352515,3.2664932518844045,4.330183616630252,4.3617653084246495,4.252440906531044,7.001362787799618,5.699586553086347,4.34587609321562,4.144743175298145,3.6500129708928526,2.993740287958571
33,33,-2.938699623144924,6,3,3,quanti_gin.data_generator.run_spa_optimization,,,,0.0,0.0,0.0,2.087387619314553,0.9848540307992939,0.030008533250800884,2.18436119824335,2.126927012694509,0.275372091357044,4.8344368314640604,3.17214806170972,0.7156503897101578,3.6408811220379897,1.8811566669454742,0.7347701497479034,2.4599738258422303,2.529813355503187,0.6360523506048852
34,34,-3.1761953769185567,6,3,3,quanti_gin.data_generator.run_spa_optimization,,,,0.0,0.0,0.0,2.1979433081395063,0.3377781183549312,1.943013892105408,2.553908535337916,0.7746246420910363,2.4274170508276285,1.3543858810109983,1.174951871057184,0.006575396349157547,4.131399824746105,1.9873182615263212,3.7578111957183973,0.643796768074566,1.5427104401550098,0.2971462585115755
35,35,-2.9536130977609383,6,3,3,quanti_gin.data_generator.run_spa_optimization,,,,0.0,0.0,0.0,1.4369341257311101,0.8613515856475968,0.15866953419041688,2.29402749185147,2.347335006586774,2.3091428855603033,0.3006285530828072,1.8765321699776456,0.13272352936798115,4.123185530293345,1.6290691817244456,2.734483845457845,0.6810051782364397,1.6465041088520849,0.9188864135214014
36,36,-2.7031496804924218,6,3,3,quanti_gin.data_generator.run_spa_optimization,,,,0.0,0.0,0.0,1.4787272665390123,2.1481178680397615,2.2779650508615363,3.0006571831792335,2.7315753356261276,4.58225088070267,3.923766358358932,3.808864128736243,2.6179314097972055,4.560226170793435,3.249038776045623,6.495229781201441,2.5457311828527014,1.484775834043041,2.308057580134702
37,37,-2.72540589751296,6,3,3,quanti_gin.data_generator.run_spa_optimization,,,,0.0,0.0,0.0,0.6986745145672594,0.8105735797303866,1.0573854934333575,1.3032575710382641,2.402247628095643,1.9851394263326514,2.3826846623359996,1.1117370646664129,2.712649236185951,3.6907680638296125,4.977731963473232,3.7663144271878686,1.673808934916406,1.2077219731225397,0.07031813108719082
38,38,-2.9627972997115615,6,3,3,quanti_gin.data_generator.run_spa_optimization,,,,0.0,0.0,0.0,2.2144623508640664,1.1633850352807387,0.9824367102818963,2.5998593999222743,1.6105511543812863,1.2097547958555288,4.581030999882744,2.249300046745603,1.643592410637018,1.605625253204268,0.3509999929725911,1.8639904473873479,5.748714856021836,3.812135795026043,3.2776222186969384
39,39,-2.988785701692025,6,3,3,quanti_gin.data_generator.run_spa_optimization,,,,0.0,0.0,0.0,2.5561005950039255,2.064762412514772,1.1125618788441,4.743918885995925,3.692159573849342,2.8743037267660583,4.192974019732155,3.3015386262284387,3.4505733156010505,7.3878949434325785,4.531276650417749,3.759434528817641,4.864556577223077,6.1810399437667325,4.09572138086715
40,40,-3.024078583447008,6,3,3,quanti_gin.data_generator.run_spa_optimization,,,,0.0,0.0,0.0,0.19126001469959078,0.9239104757753831,0.0721672192159172,2.1877601024790825,2.035012180649658,2.1103427301039797,3.7812807202020418,4.585187327888471,4.70246792169279,1.8929923092786252,1.4263640878807269,0.633129535162536,3.8250551364455134,6.5196218786166185,6.085237174884388
41,41,-2.9515766389063827,6,3,3,quanti_gin.data_generator.run_spa_optimization,,,,0.0,0.0,0.0,0.9547092911859283,2.59896900446072,2.1378859427221926,1.9479953218003903,0.7006707023825245,2.6316390116600124,1.8139275223108662,2.8493239854543346,2.819418517594933,2.3318238530943116,4.2276776895771295,4.029649494638996,0.402826081599173,2.4954382516233844,2.5626837677146606
42,42,-3.00131235803937,6,3,3,quanti_gin.data_generator.run_spa_optimization,,,,0.0,0.0,0.0,1.099497530031196,2.4059084315165618,1.5895658981906418,1.708949897355162,2.663367166576554,1.707482163350904,2.091292427361699,3.2917894542724984,2.273361174074314,3.2313113849351347,5.798875005923285,3.293093930364728,4.500759062949922,5.80733669747014,3.869492853947867
43,43,-2.6132010771996463,6,3,3,quanti_gin.data_generator.run_spa_optimization,,,,0.0,0.0,0.0,1.7206896766113668,0.7787341129661062,2.2002943803947583,1.8818289041776715,0.8228822143946557,2.4926176223557315,3.8186305611341362,1.2048334591457923,4.783957118098655,4.876789110893127,3.5119348748456987,6.665250882312132,5.226152865560685,4.863712799656481,9.360780391376089
44,44,-2.8853863639435677,6,3,3,quanti_gin.data_generator.run_spa_optimization,,,,0.0,0.0,0.0,2.569847546981965,1.1151274333577386,2.0180404807593804,1.64603652495131,2.410233254542931,2.0507859687419323,1.4300534928726663,1.476520287297301,2.3187465159930785,4.047899992057444,3.778983303767337,4.4273206855521074,0.7132907134204287,2.236078125756543,2.6786923021627174
45,45,-2.713638538223229,6,3,3,quanti_gin.data_generator.run_spa_optimization,,,,0.0,0.0,0.0,2.461512685761444,2.5911024749354943,0.5324826759932152,2.535990848033953,1.2439644114357495,0.7263075115555884,1.4357657789684106,1.134881157670265,0.4466484228568258,3.0238435675513404,3.8427995575514053,0.8375869657995296,3.910145509387722,2.145955001535584,2.7370438220319278
46,46,-2.9234756986298045,6,3,3,quanti_gin.data_generator.run_spa_optimization,,,,0.0,0.0,0.0,1.8278610775304411,2.7189571435043356,1.9171600402794597,2.158608748082778,3.967961849950784,4.2885627777099735,2.89306286802715,5.024494148666098,4.9752066328019495,2.392364355674732,4.498770189895817,2.7378947215000737,3.5420840222070864,4.682331492927182,4.56846380990001
47,47,-2.972920877480792,6,3,3,quanti_gin.data_generator.run_spa_optimization,,,,0.0,0.0,0.0,1.6238393885012234,1.6336567483085025,1.4456191986153033,2.610749276265133,1.4987783289968417,1.580586905260914,3.1135550535154994,2.0211550666227707,2.9394396384615566,5.1395749431594755,2.3309312411532157,3.172614205292637,2.8495835384966384,3.1880551099828414,1.9821636220906924
48,48,-2.695686737760058,6,3,3,quanti_gin.data_generator.run_spa_optimization,,,,0.0,0.0,0.0,2.310920717604137,1.4486269527054312,0.9959140257168964,1.1031675331390787,1.5144713096160398,0.8624512085145992,3.820425425789391,2.2817005648188617,2.93757549886909,4.885093474664984,3.308405549900653,3.385131991079607,5.304744514838775,5.247434778645709,5.087126281635514
49,49,-2.9719791439558905,6,3,3,quanti_gin.data_generator.run_spa_optimization,,,,0.0,0.0,0.0,0.6900103988578137,1.4410555850679148,0.3702444706455366,1.2392988487698877,3.2159396966804437,2.486156794367692,1.9093503026557264,1.407071046390228,0.21066216514386185,2.4973651632472595,3.8708193152532315,2.8054866840117443,4.537420923997439,3.1308054326639185,2.020156755769447
50,50,-3.0736660950590933,6,3,3,quanti_gin.data_generator.run_spa_optimization,,,,0.0,0.0,0.0,0.05024514327468585,0.4130558248557309,0.44453606359690945,1.1199207147117123,0.9594238816517204,1.4795237334232136,1.5923199983152692,2.1314024423415923,1.7555851802950864,2.6078932015139564,1.6111524329160372,3.6583984494672195,2.5748600517304343,4.154188486187179,2.0421074366068677
51,51,-2.995381405706791,6,3,3,quanti_gin.data_generator.run_spa_optimization,,,,0.0,0.0,0.0,2.2633085782791142,0.7012481955863279,0.5691737317432405,3.3284326949183294,2.706324439810559,2.363644146178792,4.715266729172478,5.371792593068708,3.035412192424295,3.7558843668795836,3.256554241703731,2.8352622147635365,5.006485189773465,3.0239042734861177,4.288112463063424
52,52,-2.724465068100626,6,3,3,quanti_gin.data_generator.run_spa_optimization,,,,0.0,0.0,0.0,0.9431773581538969,0.6099581237440838,1.299270647197755,2.2518438110766033,1.9043246314808537,2.145952399319057,1.5519315049860614,3.0774500456422538,1.548543229543574,3.4633422966989533,2.5118380302677448,1.4367822285277707,2.6986991996101684,4.2781392119920625,4.766305137735786
53,53,-2.9649259687056353,6,3,3,quanti_gin.data_generator.run_spa_optimization,,,,0.0,0.0,0.0,0.5337645777276584,0.29465748885370413,1.2762755014671208,1.9296702143269961,1.3081653955768073,0.5362832006595479,1.7446700514118292,2.0782706170937235,3.755124064307734,1.6902849186914048,2.7570038441141973,1.5999200404522584,2.779795425458258,2.012272079399176,1.0158200206480914
54,54,-2.8709197496424967,6,3,3,quanti_gin.data_generator.run_spa_optimization,,,,0.0,0.0,0.0,1.9897364566497224,0.5126679560746945,2.692519414220005,3.8665958072711706,2.47248506423911,4.985371830282018,4.501690368267326,1.9260171615845145,4.0842875649829935,7.043321766938579,3.1792397298519823,6.811014780346843,4.841380725774148,2.090632403757393,5.815845107291151
55,55,-2.926241274603357,6,3,3,quanti_gin.data_generator.run_spa_optimization,,,,0.0,0.0,0.0,2.3857557566811685,2.3526821729599305,1.4007316047114304,3.8997998936402176,3.2729308040523297,2.3524034309474513,1.3088937236351343,2.0758078160847857,2.6228029415799923,5.92808946744988,4.861484003737578,3.519113796645024,2.0616234651052276,2.3838685491105465,2.3969881919572407
56,56,-2.966673202929325,6,3,3,quanti_gin.data_generator.run_spa_optimization,,,,0.0,0.0,0.0,0.9376178189265594,1.8343455081830566,1.9094326232114884,3.436881533971727,3.9464542348312284,2.2268404290430572,5.461811211436574,4.209282631249644,3.538668377640506,6.791419657632094,6.730933257406945,5.4162916808971175,6.335408011756152,6.38803146895342,6.26800980419262
57,57,-2.727439957689138,6,3,3,quanti_gin.data_generator.run_spa_optimization,,,,0.0,0.0,0.0,1.6257577867100301,1.4978663808113653,0.6572638280078611,2.0665087520957703,2.0388600885943466,3.044748996104258,4.188867677178239,3.273401653977552,1.7354355177228196,3.3275354543225713,2.800830087426362,4.0459561659502885,0.5875699339199129,2.405801631938625,0.23122255215953708
58,58,-2.902410804839773,6,3,3,quanti_gin.data_generator.run_spa_optimization,,,,0.0,0.0,0.0,1.016612052848919,1.8258573661513107,2.432875879598953,1.559953172940722,1.68124223234421,1.5302932690818385,2.168759479785911,4.268699228322624,2.4610255250072983,0.2091018381849457,0.9690106405353047,2.261523273065831,0.7911268980348563,3.3327844694881006,4.062591998450529
59,59,-2.895729370417852,6,3,3,quanti_gin.data_generator.run_spa_optimization,,,,0.0,0.0,0.0,1.731991064011957,1.7125977706623197,0.11543735384475179,0.21511376596766987,1.466144528528881,2.4740148727512845,0.5080319046229699,1.6104416040377978,0.3953660012033058,4.197686195643098,3.547051709280037,1.1681478016027427,5.334023773641358,6.086098317822724,1.2953389147511627
60,60,-2.8848600471231975,6,3,3,quanti_gin.data_generator.run_spa_optimization,,,,0.0,0.0,0.0,2.547983252021983,1.400570176435948,1.0831378469760864,0.926566603294997,0.02008603353301,2.11236004986755,1.4826869980353812,0.4776447680966791,2.7116044883767567,0.34287140894796014,1.0162649998230093,2.155734788030327,3.8976336847817485,3.3389704283742834,2.7865377817924664
61,61,-2.8409108663864306,6,3,3,quanti_gin.data_generator.run_spa_optimization,,,,0.0,0.0,0.0,2.018988842772283,2.09145912019474,0.5108866992963422,3.4899290670379175,3.2811144879612195,2.1000615711870783,5.315478681269887,4.917771873045323,2.1121532153482643,5.439491972591585,6.1918722519103095,4.498799277026697,4.956947890604635,4.5974334183113115,4.469645047973209
62,62,-2.843225701562061,6,3,3,quanti_gin.data_generator.run_spa_optimization,,,,0.0,0.0,0.0,1.8947210682962088,2.0414383580088526,1.9119121149570728,3.239925952671154,4.228644168931341,4.136914532924144,2.231177464301606,2.6008436154517915,0.08718152358916578,3.571678200566569,2.605371370419752,0.9522140783324891,4.840294095303813,4.3331594473878905,2.6979970599126935
63,63,-2.9428548930048195,6,3,3,quanti_gin.data_generator.run_spa_optimization,,,,0.0,0.0,0.0,0.20499543081043645,2.2790436997890873,0.9022384963632709,2.5414476155428054,2.709920051546954,0.15194374888814774,2.3091904788903177,0.9454655580734568,1.4343320523479068,1.4405096100841812,0.4169220058473683,1.4571988791921457,3.453266906489538,4.262264204212357,0.6101262562916028
64,64,-2.703604441493033,6,3,3,quanti_gin.data_generator.run_spa_optimization,,,,0.0,0.0,0.0,0.35758726765966053,0.8886328666368857,0.9410069039015152,2.3698233568714615,2.5051386008611236,3.12210894603782,3.231827557391898,2.7841260935085517,4.66001114166068,1.4365362937145714,0.4423362048989472,2.6351652219135087,4.740581139061902,3.5151101265140445,6.343690818206784
65,65,-2.8947640534076045,6,3,3,quanti_gin.data_generator.run_spa_optimization,,,,0.0,0.0,0.0,1.145027037745856,1.5687964919416268,1.2297945648503876,2.245112473986245,2.5805698230089695,1.0976481149890573,1.8471392714761032,4.034468833641735,1.6574610062189987,0.7689505041536867,0.29384054657197634,1.1659996967583,4.440632881306351,5.897787953221394,3.000477552977481
66,66,-3.03937101005494,6,3,3,quanti_gin.data_generator.run_spa_optimization,,,,0.0,0.0,0.0,1.498167739879336,0.6044999232638989,1.3680087467398017,3.3476696291173145,2.680253690962752,1.3755946690502854,0.2661389490869418,1.305808421914071,2.180279374104077,0.7639144980313749,0.24191378296610927,1.4324527845221873,1.1752934169132498,1.4548284628013153,2.2549556203230474
67,67,-2.995752014964273,6,3,3,quanti_gin.data_generator.run_spa_optimization,,,,0.0,0.0,0.0,0.2826123674420882,0.26527942812509364,2.740238345975511,1.187377327885638,2.473980922858748,0.1546211987835673,1.2619625539683523,2.302314056059428,5.180602375401148,2.41881310049578,4.201431463880724,1.3523251860145455,2.4529365018422506,4.397553244203973,1.9686510600362377
68,68,-2.7789993151679235,6,3,3,quanti_gin.data_generator.run_spa_optimization,,,,0.0,0.0,0.0,0.09185213665614697,0.04873486782455899,1.965084629782676,0.2019220027543595,0.35022430649878766,1.7215783175837371,0.2766632082346778,2.7197143883981325,1.2073264579974956,0.2973503539544503,4.843470355488412,2.4484493476499,1.9820537917253578,6.528867560624917,2.744439329699268
69,69,-2.956516412154831,6,3,3,quanti_gin.data_generator.run_spa_optimization,,,,0.0,0.0,0.0,2.6264831026398165,2.0974498082886193,2.3887148287421893,1.8160461102874872,1.3205022914293756,0.04161942291567558,0.7928210241355136,1.126421484192356,0.6924443630317692,3.487837250535709,1.796496398070855,0.8086719728561877,2.17430195140376,0.4166526349995089,0.3694064976780365
70,70,-2.847592874458324,6,3,3,quanti_gin.data_generator.run_spa_optimization,,,,0.0,0.0,0.0,1.182832402114244,0.3531215394131031,1.2158190862639722,0.9226440415572315,0.4452208211762667,0.879089348130468,2.794113796146082,0.39821285679049157,1.31113495726223,3.005068408658148,0.9253203625672002,2.951209384758001,4.098662083728643,1.8604172440848896,2.3782763194874033
71,71,-2.7475586598449695,6,3,3,quanti_gin.data_generator.run_spa_optimization,,,,0.0,0.0,0.0,0.6945159966082823,0.5161797913085429,1.632876538739568,3.232922180286608,2.256656481837251,2.9021342847235276,1.3124538242956285,1.9489374346615504,1.0401889587853321,3.798429444634471,2.1520906056940197,1.613214081588426,0.7365478898853786,0.8734111130808455,1.701850380440415
72,72,-2.7283632275681238,6,3,3,quanti_gin.data_generator.run_spa_optimization,,,,0.0,0.0,0.0,0.4233330893380274,1.4461712669547548,1.8393196688451448,1.0026115413465975,1.5406799073206978,0.42579971324294474,3.677879352251991,3.8820479802398236,0.9210429930040045,2.9997625995335424,2.4385743985956236,1.887092858549922,1.277187364415518,3.929235379866665,3.1396910441393366
73,73,-2.7794705725107147,6,3,3,quanti_gin.data_generator.run_spa_optimization,,,,0.0,0.0,0.0,1.8783668520136914,0.22680172487825961,1.2208539707897605,3.768869952119206,0.7805623456896138,1.320194746071312,4.244098110386823,2.4855318309714454,3.4749196026038707,5.645498864477856,2.5846307187079454,2.4469641524788064,6.169995341982891,4.762727096431602,3.4527759193305787
74,74,-2.987485517071757,6,3,3,quanti_gin.data_generator.run_spa_optimization,,,,0.0,0.0,0.0,2.2919192684991545,0.277142622373841,0.11353433190641118,0.4697051744791769,1.0050354672778976,1.1620488612541418,4.690633610658483,2.650801430682093,1.2317354963264344,2.5105709687066478,2.5831576735518573,2.188044160144992,2.344485549644139,3.0228875885378304,1.9428106562791572
75,75,-2.978166763496716,6,3,3,quanti_gin.data_generator.run_spa_optimization,,,,0.0,0.0,0.0,0.8455924738409168,0.5913075314951348,1.4256585680023064,3.422551855181096,2.949849130557004,2.5412700398861765,3.3265586543345558,0.931667255673229,3.456175373943719,5.586193270243323,3.017717203843399,6.029674431596867,3.369268498160107,2.3865238459848257,2.075552976955465
76,76,-2.951727654045764,6,3,3,quanti_gin.data_generator.run_spa_optimization,,,,0.0,0.0,0.0,0.9103877519948302,2.3170157311287625,2.080258919441348,2.464903709114257,3.1902190884663066,3.33255592400549,1.8716963337927446,1.0625964225123683,1.2294032062184619,3.358237926769023,2.5100677716622313,2.228632369332714,3.1399422243771555,3.8750193011175282,3.8382369501058036
77,77,-2.797392002720712,6,3,3,quanti_gin.data_generator.run_spa_optimization,,,,0.0,0.0,0.0,0.2687295438857241,1.5115610713831156,1.7325378157437026,1.4961506565348477,1.421976817482612,0.006013271536869258,1.8511434372688471,2.6418973855661325,0.7686256051886053,2.8506970667952323,3.146398394560475,2.6804783885963683,2.841539167145555,4.709106920992199,3.0493674145140046
78,78,-2.8102570163959473,6,3,3,quanti_gin.data_generator.run_spa_optimization,,,,0.0,0.0,0.0,1.1272380813207084,2.575723654308472,1.6993498632642958,1.5130523939361191,2.35001462334359,0.026145323068005488,0.1526361090771088,1.8944100214908683,0.5105781422791722,3.0661640883271035,3.8206127637517326,1.8195182645737333,0.6009127546184184,1.3530861933427165,2.440120361933795
79,79,-2.817535707664942,6,3,3,quanti_gin.data_generator.run_spa_optimization,,,,0.0,0.0,0.0,2.1564175019002523,0.40392690688299593,0.12615409362459917,3.4836622816696474,0.43921199671686895,1.286684026366105,4.672429554814247,0.6906476180129154,3.4052759579093044,5.974237580195203,0.771466477398072,5.0674866241189935,3.19178943595172,2.3417456694091587,1.172791417695998
80,80,-2.7684537681989143,6,3,3,quanti_gin.data_generator.run_spa_optimization,,,,0.0,0.0,0.0,1.6065876442156668,1.3679080445654348,0.01143742541912593,2.5206928011598277,3.4911380254186164,2.455684250636943,2.120747984017722,1.0421733278943037,2.2126185996041094,3.239186007746878,2.316081134270419,0.4804583909918705,4.619162493885835,2.4037129568494273,2.0568001076405857
81,81,-3.004762216814749,6,3,3,quanti_gin.data_generator.run_spa_optimization,,,,0.0,0.0,0.0,0.30496099722956915,2.2814516259713824,2.4297439889648222,2.1430828751267463,3.261909507453745,3.8367889199758984,3.2684424668394456,3.848033856939154,5.710269839876661,3.7754306167533143,4.379974385984062,5.8419851237879055,0.7385174389998447,4.317498905689082,2.657834749560521
82,82,-2.7828120595247388,6,3,3,quanti_gin.data_generator.run_spa_optimization,,,,0.0,0.0,0.0,1.2109552464176578,0.8094402109858684,0.843500800547645,0.7583341791618688,1.7856831971333997,0.10295688531733144,2.379273437895568,2.949336072011148,0.9833249462561946,3.2305997608343997,3.3709870025856374,3.275357200004618,3.6513071349188166,5.392700026331264,4.786628680277857
83,83,-3.0336231470340107,6,3,3,quanti_gin.data_generator.run_spa_optimization,,,,0.0,0.0,0.0,2.3314807313078116,2.1168643604038193,1.6399365835101336,1.6480327649810433,2.166299826174161,2.733771375957752,2.9043106364567763,3.869257891623263,3.979719619322075,1.7254585591183342,4.284116640182614,3.637622541227166,3.0265466029527746,2.9432981583401876,4.365419453611197
84,84,-2.9054664696859245,6,3,3,quanti_gin.data_generator.run_spa_optimization,,,,0.0,0.0,0.0,2.0577208123730237,1.8912119733558161,1.4402566865481226,2.7041318273936996,2.6260770977895813,3.7811786199154653,2.5294417323504996,2.702581176855728,2.8403075083114304,2.776014007672206,3.189418691058721,5.636332289001486,2.8847827282028677,3.8693243429906587,2.7664097123166105
85,85,-2.786573236880456,6,3,3,quanti_gin.data_generator.run_spa_optimization,,,,0.0,0.0,0.0,2.0559403978761477,0.944578723986552,0.3074855213466769,3.541028059955387,1.2892442540143483,2.7220790511535533,2.2511863810459385,2.8730125157378215,1.4536509133200555,5.348133198254396,1.3133674106063635,5.096837887398058,4.310820416681125,3.568684161615221,2.8331574486594633
86,86,-2.8090119173451624,6,3,3,quanti_gin.data_generator.run_spa_optimization,,,,0.0,0.0,0.0,0.3572614556268964,1.7020557764904656,2.5115708900319693,1.0064967807063248,4.43020202683398,3.6023155063836323,1.1095905449384504,1.3267441970267493,1.3181431943171107,2.4162278843683147,7.061111106414799,5.9432613187781875,1.9999627657522947,6.675161116089154,4.423039946638882
87,87,-2.7317176959072134,6,3,3,quanti_gin.data_generator.run_spa_optimization,,,,0.0,0.0,0.0,0.94474651357326,1.2549385764823047,2.6205043745489616,2.561828833248836,1.565313781506562,0.6199192510837521,4.714568382117707,3.319586402589646,1.2470814392424818,3.9646417568392214,3.9328481697463165,2.1970082832448368,5.504723083395142,6.3574762497781405,3.1590236173795283
88,88,-2.9858503450585108,6,3,3,quanti_gin.data_generator.run_spa_optimization,,,,0.0,0.0,0.0,2.4454883626916306,0.4499707410763223,0.659868762636385,3.180780170724958,2.3874792205012954,2.136094530096993,4.922678409982401,2.9117601645925344,4.868249167818497,5.162221904866375,5.20537133080129,6.576515396530594,3.21043883677745,2.6152811537499807,2.7085514541363658
89,89,-2.9245535570270893,6,3,3,quanti_gin.data_generator.run_spa_optimization,,,,0.0,0.0,0.0,2.0141285428850733,0.9278138524214518,1.13964829192845,2.147903938461156,2.9240685570998943,1.293585784711192,2.929427239007807,3.2832441920805033,2.197683014262652,2.4549920969220786,4.424720170959628,2.7180052076044086,3.7855958552540474,5.343826341710178,2.78331981010306
90,90,-2.736615613215455,6,3,3,quanti_gin.data_generator.run_spa_optimization,,,,0.0,0.0,0.0,1.289765772250273,0.333192554222254,1.7459025015008245,3.173903267509883,2.4039325840029404,2.593842873123648,5.049145591354457,2.813564145160358,3.189161863835026,0.18464326694297897,1.7936147832927702,1.624704195307216,2.036168913590562,1.8145222414914444,2.0288274810901976
91,91,-2.8488306781657045,6,3,3,quanti_gin.data_generator.run_spa_optimization,,,,0.0,0.0,0.0,2.570894640627153,1.1348374708385003,1.9654410266468507,5.0460873502903265,2.424488548766504,3.0796961540212573,1.0385788703490766,0.2409728618649235,1.142868228689808,7.263729363722576,2.549415053081002,4.051621632642485,9.643804810926493,2.7333623245793905,5.034408603023056
92,92,-3.012854589718835,6,3,3,quanti_gin.data_generator.run_spa_optimization,,,,0.0,0.0,0.0,0.5084015985857889,0.8384717277630906,0.4809435605269833,0.6018044280696406,2.671711672582932,2.392852083926116,1.323051726317083,0.895522665730573,2.301301748872679,2.6527150381950473,1.1940501711857796,2.5083193069193763,1.8124127762092423,1.0179488889373376,1.364356983895286
93,93,-2.8060580860978903,6,3,3,quanti_gin.data_generator.run_spa_optimization,,,,0.0,0.0,0.0,0.8543499527707735,1.8256162219541525,1.7598550701476785,1.3618985581660803,4.54574578820363,2.4136347743676754,1.1988673531424072,1.755178511966654,1.7006953557270688,3.7517117954319263,3.4597353620066302,3.1878760110923476,2.6897526719314016,3.4475216258546975,2.805487027745542
94,94,-2.969492140393567,6,3,3,quanti_gin.data_generator.run_spa_optimization,,,,0.0,0.0,0.0,0.7939201941345579,2.290905329347746,0.914901527576845,0.6110999163098317,2.6909292104904594,0.032223732803354416,1.6666279772317758,4.84164712645188,1.2349916912679628,3.2802895122571605,3.496179842786752,1.926054510319996,1.6506155914566911,2.7363725245690906,3.3333418574964844
95,95,-2.7486379112226906,6,3,3,quanti_gin.data_generator.run_spa_optimization,,,,0.0,0.0,0.0,0.21553303415762806,1.2720833319702918,0.15949020694602978,1.0765548884972909,3.9845840094489953,0.9802970169847273,1.3520941354311735,2.3041284606978105,2.255221211012557,0.7451291328599999,0.7408217680136815,2.630473197497942,0.490459632026343,3.500695930637173,2.463191036847503
96,96,-3.030200226523788,6,3,3,quanti_gin.data_generator.run_spa_optimization,,,,0.0,0.0,0.0,1.3471285081261688,0.49328213049874775,1.452184121126888,0.2626307195820793,0.8526275914278594,1.759635041754295,2.68620747164319,1.6666452250400545,3.787211300570778,0.4403250006131598,1.1033730008296674,3.4286535357392713,1.3149391392198013,0.9023711143994023,4.093982782394183
97,97,-2.918530162704125,6,3,3,quanti_gin.data_generator.run_spa_optimization,,,,0.0,0.0,0.0,2.397845491635247,1.226188801557137,0.027390275671257874,2.3316887175424075,0.2256300814141546,0.5021476616476597,2.604840069735768,2.5061680409317426,1.4081605868124922,3.9825498816634197,1.9925697685248047,0.6599170539011563,3.194772453134876,3.9100026738797014,2.794374851655232
98,98,-2.9713809474531923,6,3,3,quanti_gin.data_generator.run_spa_optimization,,,,0.0,0.0,0.0,1.3004969971773488,1.183200798304283,0.42969428847263785,2.177742668099361,2.5538234271337856,1.930973783988293,2.8886122119969126,1.598469237277885,0.6470123184099618,2.6343974537783312,2.097884691435998,1.863860719513584,3.789444312422761,4.370088278602859,3.1783345921683632
99,99,-2.7957030799350986,6,3,3,quanti_gin.data_generator.run_spa_optimization,,,,0.0,0.0,0.0,1.5338967161587536,1.735798973059792,1.4481364495688496,3.592468164209804,4.3102852368904525,4.082214428865034,3.483275848247429,3.3360649847689965,1.5291414053607915,5.819339353068874,6.970791198323173,5.029981485059411,0.4235966940574577,2.1347889294505653,0.013970499750450421
